["identifier" "(" ")" "," ";" "int" "float" "for" "while" "if" "else" "{" "}" "number" ":=" "==" "<" ">" "<= " ">= " "!=" "<>" "-" "+" "/" "*" "$"]
[NTMAP[0] 69 69 69 69 69 1 1 69 69 69 69 69 69 69 69 69 69 69 69 69 69 69 69 69 69 69 68]
[NTMAP[1] 69 69 68 69 69 2 2 69 69 69 69 69 69 69 69 69 69 69 69 69 69 69 69 69 69 69 69]
[NTMAP[2] 69 69 4 3 69 69 69 69 69 69 69 69 69 69 69 69 69 69 69 69 69 69 69 69 69 69 69]
[NTMAP[3] 69 69 68 68 69 5 5 69 69 69 69 69 69 69 69 69 69 69 69 69 69 69 69 69 69 69 69]
[NTMAP[4] 68 68 69 69 68 6 6 68 68 68 68 68 68 68 69 69 69 69 69 69 69 69 69 69 69 69 69]
[NTMAP[5] 68 69 69 69 69 7 8 69 69 69 69 69 69 69 69 69 69 69 69 69 69 69 69 69 69 69 69]
[NTMAP[6] 0 9 69 69 69 68 69 69 69 69 69 69 69 69 69 69 69 69 69 69 69 69 69 69 69 69 69 69]
[NTMAP[7] 69 69 69 10 11 69 69 69 69 69 69 69 69 69 69 69 69 69 69 69 69 69 69 69 69 69 69]
[NTMAP[8] 14 14 69 69 18 17 17 12 13 15 68 16 68 14 69 69 69 69 69 69 69 69 69 69 69 69 69]
[NTMAP[9] 68 68 69 69 68 68 68 19 68 68 68 68 68 68 69 69 69 69 69 69 69 69 69 69 69 69 69]
[NTMAP[10] 20 20 21 69 68 68 68 68 68 68 68 68 68 20 69 69 69 69 69 69 69 69 69 69 69 69 69]
[NTMAP[11] 23 23 22 69 68 68 68 68 68 68 68 68 68 23 69 69 69 69 69 69 69 69 69 69 69 69 69]
[NTMAP[12] 25 25 69 69 24 68 68 68 68 68 68 68 68 25 69 69 69 69 69 69 69 69 69 69 69 69 69]
[NTMAP[13] 68 68 69 69 68 68 68 68 26 68 68 68 68 68 69 69 69 69 69 69 69 69 69 69 69 69 69]
[NTMAP[14] 68 68 69 69 68 68 68 68 68 27 68 68 68 68 69 69 69 69 69 69 69 69 69 69 69 69 69]
[NTMAP[15] 29 29 69 69 29 29 29 29 29 29 68 29 68 29 69 69 69 69 69 69 69 69 69 69 69 69 69]
[NTMAP[16] 31 31 69 69 31 31 31 31 31 31 31 31 31 31 69 69 69 69 69 69 69 69 69 69 69 69 69]
[NTMAP[17] 68 68 69 69 68 68 68 68 68 68 32 68 68 68 69 69 69 69 69 69 69 69 69 69 69 69 69]
[NTMAP[18] 68 68 69 69 68 68 68 68 68 68 68 33 68 68 69 69 69 69 69 69 69 69 69 69 69 69 68]
[NTMAP[19] 34 34 69 69 34 34 34 34 34 34 68 34 35 34 69 69 69 69 69 69 69 69 69 69 69 69 68]
[NTMAP[20] 36 36 69 69 36 36 36 36 36 36 69 36 68 36 69 69 69 69 69 69 69 69 69 69 69 69 69]
[NTMAP[21] 37 37 69 69 37 37 37 37 37 37 69 37 68 37 69 69 69 69 69 69 69 69 69 69 69 69 69]
[NTMAP[22] 39 39 69 69 39 39 39 39 39 39 69 39 38 39 69 69 69 69 69 69 69 69 69 69 69 69 69]
[NTMAP[23] 40 40 69 69 40 40 40 40 40 40 69 40 41 40 69 69 69 69 69 69 69 69 69 69 69 69 69]
[NTMAP[24] 42 43 68 69 68 69 69 69 69 69 69 69 69 44 69 69 69 69 69 69 69 69 69 69 69 69 69]
[NTMAP[25] 46 46 68 69 68 69 69 69 69 69 69 69 69 46 45 69 69 69 69 69 69 69 69 69 69 69 69]
[NTMAP[26] 47 47 69 69 69 69 69 69 69 69 69 69 69 47 69 69 69 69 69 69 69 69 69 69 69 69 69]
[NTMAP[27] 69 69 49 69 49 69 69 69 69 69 69 69 69 69 69 48 48 48 48 48 48 48 69 69 69 69 69]
[NTMAP[28] 68 68 69 69 69 69 69 69 69 69 69 69 69 68 69 50 51 52 53 54 55 56 69 69 69 69 69]
[NTMAP[29] 57 57 68 69 68 69 69 69 69 69 69 69 69 57 69 68 68 68 68 68 68 68 69 69 69 69 69]
[NTMAP[30] 69 69 60 69 60 69 69 69 69 69 69 69 69 69 69 60 60 60 60 60 60 60 58 59 69 69 69]
[NTMAP[31] 61 61 68 69 68 69 69 69 69 69 69 69 69 61 69 68 68 68 68 68 68 68 68 68 69 69 69]
[NTMAP[32] 69 69 64 69 64 69 69 69 69 69 69 69 69 69 69 64 64 64 64 64 64 64 64 64 62 63 69]
[NTMAP[33] 66 65 68 69 68 69 69 69 69 69 69 69 69 67 69 68 68 68 68 68 68 68 68 68 68 68 69]

