69 69 69 69 69 1 1 69 69 69 69 69 69 69 69 69 69 69 69 69 69 69 69 69 69 69 68
69 69 68 69 69 2 2 69 69 69 69 69 69 69 69 69 69 69 69 69 69 69 69 69 69 69 69
69 69 4 3 69 69 69 69 69 69 69 69 69 69 69 69 69 69 69 69 69 69 69 69 69 69 69
69 69 68 68 69 5 5 69 69 69 69 69 69 69 69 69 69 69 69 69 69 69 69 69 69 69 69
68 68 69 69 68 6 6 68 68 68 68 68 68 68 69 69 69 69 69 69 69 69 69 69 69 69 69
68 69 69 69 69 7 8 69 69 69 69 69 69 69 69 69 69 69 69 69 69 69 69 69 69 69 69
9 69 69 69 68 69 69 69 69 69 69 69 69 69 69 69 69 69 69 69 69 69 69 69 69 69 69
69 69 69 10 11 69 69 69 69 69 69 69 69 69 69 69 69 69 69 69 69 69 69 69 69 69 69
14 14 69 69 18 17 17 12 13 15 68 16 68 14 69 69 69 69 69 69 69 69 69 69 69 69 69
68 68 69 69 68 68 68 19 68 68 68 68 68 68 69 69 69 69 69 69 69 69 69 69 69 69 69
20 20 21 69 68 68 68 68 68 68 68 68 68 20 69 69 69 69 69 69 69 69 69 69 69 69 69
23 23 22 69 68 68 68 68 68 68 68 68 68 23 69 69 69 69 69 69 69 69 69 69 69 69 69
25 25 69 69 24 68 68 68 68 68 68 68 68 25 69 69 69 69 69 69 69 69 69 69 69 69 69
68 68 69 69 68 68 68 68 26 68 68 68 68 68 69 69 69 69 69 69 69 69 69 69 69 69 69
68 68 69 69 68 68 68 68 68 27 68 68 68 68 69 69 69 69 69 69 69 69 69 69 69 69 69
29 29 69 69 29 29 29 29 29 29 68 29 68 29 69 69 69 69 69 69 69 69 69 69 69 69 69
31 31 69 69 31 31 31 31 31 31 31 31 31 31 69 69 69 69 69 69 69 69 69 69 69 69 69
68 68 69 69 68 68 68 68 68 68 32 68 68 68 69 69 69 69 69 69 69 69 69 69 69 69 69
68 68 69 69 68 68 68 68 68 68 68 33 68 68 69 69 69 69 69 69 69 69 69 69 69 69 68
34 34 69 69 34 34 34 34 34 34 68 34 35 34 69 69 69 69 69 69 69 69 69 69 69 69 68
36 36 69 69 36 36 36 36 36 36 69 36 68 36 69 69 69 69 69 69 69 69 69 69 69 69 69
37 37 69 69 37 37 37 37 37 37 69 37 68 37 69 69 69 69 69 69 69 69 69 69 69 69 69
39 39 69 69 39 39 39 39 39 39 69 39 38 39 69 69 69 69 69 69 69 69 69 69 69 69 69
40 40 69 69 40 40 40 40 40 40 69 40 41 40 69 69 69 69 69 69 69 69 69 69 69 69 69
42 43 68 69 68 69 69 69 69 69 69 69 69 44 69 69 69 69 69 69 69 69 69 69 69 69 69
46 46 68 69 68 69 69 69 69 69 69 69 69 46 45 69 69 69 69 69 69 69 69 69 69 69 69
47 47 69 69 69 69 69 69 69 69 69 69 69 47 69 69 69 69 69 69 69 69 69 69 69 69 69
69 69 49 69 49 69 69 69 69 69 69 69 69 69 69 48 48 48 48 48 48 48 69 69 69 69 69
68 68 69 69 69 69 69 69 69 69 69 69 69 68 69 50 51 52 53 54 55 56 69 69 69 69 69
57 57 68 69 68 69 69 69 69 69 69 69 69 57 69 68 68 68 68 68 68 68 69 69 69 69 69
69 69 60 69 60 69 69 69 69 69 69 69 69 69 69 60 60 60 60 60 60 60 58 59 69 69 69
61 61 68 69 68 69 69 69 69 69 69 69 69 61 69 68 68 68 68 68 68 68 68 68 69 69 69
69 69 64 69 64 69 69 69 69 69 69 69 69 69 69 64 64 64 64 64 64 64 64 64 62 63 69
66 65 68 69 68 69 69 69 69 69 69 69 69 67 69 68 68 68 68 68 68 68 68 68 68 68 69

